3,3
3,2
3,1
0,0
120,34
120,33
120,32
120,31
120,30
120,29
120,28
120,27
120,26
120,25
120,24
120,23
120,22
120,21
120,20
120,19
120,18
120,17
120,16
120,15
120,14
120,13
120,12
120,11
120,10
120,9
120,8
120,7
120,6
120,5
120,4
120,3
120,2
120,0
0,276
0,275
0,272
0,271
0,12
0,10
0,8
0,438
0,399
0,268
0,465
0,398
0,267
0,437
0,397
0,266
0,464
0,396
0,265
0,458
0,395
0,264
0,436
0,394
0,263
0,435
0,393
0,262
0,434
0,392
0,261
0,433
0,391
0,260
0,432
0,390
0,259
0,457
0,389
0,258
0,431
0,388
0,257
0,430
0,387
0,256
